One_Tree_hops = [5.4, 5.0, 9.0, 9.0, 9.2, 9.4, 7.8, 7.8, 12.0, 14.6, 15.0, 14.8]
One_Tree_success = [1.000000, 1.000000, 1.000000, 1.000000, 1.000000, 1.000000, 1.000000, 0.960000, 0.880000, 0.650000, 0.420000, 0.480000]

One_Tree_Checkpoint_hops = [8.8, 7.8, 9.2, 11.0, 11.0, 11.0, 9.8, 9.8, 12.2, 13.6, 13.4, 13.6]
One Tree Checkpoint_success = [1.000000, 1.000000, 1.000000, 1.000000, 1.000000, 1.000000, 1.000000, 0.960000, 0.920000, 0.680000, 0.480000, 0.560000]

SquareOne_hops = [5.6, 6.0, 9.2, 9.2, 9.2, 8.4, 6.8, 7.2, 10.6, 8.0, 7.4, 8.8]
SquareOne_success = [1.000000, 1.000000, 1.000000, 1.000000, 1.000000, 1.000000, 1.000000, 0.880000, 0.800000, 0.360000, 0.320000, 0.400000]
